SourcePath
a Regres mod andre erhvervsdrivende - overordnet.aspx